3 2 8 8 4 3 3 2 2 8 4 8 4 4 2 8 4 4 3 4 8 4 3 4 2 8 2 2 8 2 8 8 2 4 3 8 8 8 8 2 8 8 3 3 4 2 8 3 8 4 4 3 2 3 3 8 3 2 8 4 8 8 3 4 2 4 8 8 3 8 8 3 8 8
0 64.38893163204193 0.6686999797821045
60 63.75293040275574 0.674299955368042
80 55.069321274757385 0.6823999881744385
100 53.93824201822281 0.6818999648094177
120 54.69544696807861 0.6814999580383301
140 54.67796874046326 0.6825999617576599
2 2 2 2 8 3 3 2 4 8 8 4 4 2 2 3 4 8 2 2 8 8 4 3 3 2 2 2 4 4 3 4 8 4 4 3 8 8 8 8 8 4 4 4 3 8 8 2 2 8 4 2 3 8 4 2 4 2 4 3 8 8 2 2 8 8 8 4 2 3 8 2 8 8
2 4 3 8 8 4 4 2 8 4 8 2 3 4 3 2 3 4 8 3 2 3 3 8 2 3 2 3 8 8 4 2 4 3 3 4 4 2 8 8 2 4 2 8 2 4 3 3 8 3 4 4 8 4 2 3 8 4 8 2 8 4 2 3 3 3 4 8 4 4 4 3 8 8
2 2 4 4 4 2 3 2 4 8 2 2 2 8 8 3 4 2 3 4 8 3 4 4 8 2 2 4 3 4 4 8 8 8 8 8 4 8 2 2 8 2 2 4 2 8 4 8 2 4 4 3 4 3 2 8 3 8 3 8 2 4 4 3 3 3 3 8 3 3 4 3 8 8
3 3 8 4 8 8 4 3 8 2 3 3 8 4 3 4 3 2 3 3 3 8 4 3 4 4 4 3 3 3 4 3 3 8 3 2 4 8 4 4 4 3 2 3 8 8 4 2 8 4 2 2 4 3 4 8 2 4 4 3 3 2 8 3 4 8 8 8 3 2 4 8 8 8
3 8 2 2 3 8 8 8 2 8 4 4 3 8 3 3 2 4 4 4 4 3 2 2 3 4 8 3 3 4 4 4 2 2 2 8 4 3 2 3 8 3 2 4 4 4 8 8 4 2 3 3 4 3 4 2 8 3 8 8 8 3 8 8 4 8 8 8 8 2 2 8 8 8
3 2 3 2 3 3 4 4 4 4 8 2 4 3 2 8 3 4 8 2 4 2 3 4 8 8 3 4 3 8 8 8 3 2 8 4 2 8 3 3 8 2 4 3 8 3 3 3 3 3 4 8 3 8 4 2 8 2 8 8 4 3 8 3 4 8 4 3 4 4 4 8 8 8
3 4 2 3 3 2 3 3 3 3 4 2 3 8 8 4 3 3 8 4 4 3 4 2 3 3 4 2 8 3 3 2 8 4 3 8 8 4 8 3 4 3 2 4 8 4 3 3 8 3 8 3 3 4 4 2 4 8 2 8 4 2 3 4 2 2 3 3 3 3 2 4 8 8
2 2 2 2 4 3 4 2 3 4 8 3 4 4 4 2 8 2 3 3 2 4 3 2 2 2 2 4 2 8 2 3 2 4 8 3 2 8 3 4 3 2 3 4 8 3 4 4 4 8 4 8 8 8 8 3 8 8 4 4 4 4 3 4 4 3 4 8 8 8 4 4 8 8
2 2 4 2 4 4 8 2 2 8 3 4 4 3 8 3 4 2 8 8 3 2 4 4 3 2 8 4 2 4 8 3 8 4 8 2 3 3 8 2 3 8 3 3 3 4 4 8 4 4 8 2 3 8 3 4 8 2 4 3 8 3 8 8 3 4 3 4 8 2 4 4 8 8
