60 51.32015687227249 0.7336999773979187
61 51.6410328745842 0.7299000024795532
62 51.28882759809494 0.73089998960495
63 50.724770307540894 0.7324999570846558
64 50.99947535991669 0.7321999669075012
65 52.055872440338135 0.7328000068664551
66 50.24594324827194 0.7304999828338623
67 51.004212617874146 0.7319999933242798
68 49.9301717877388 0.7307999730110168
69 51.14092570543289 0.729200005531311
70 49.825565576553345 0.7335999608039856
71 49.69401693344116 0.7340999841690063
72 50.46600902080536 0.7335999608039856
73 49.0952314324677 0.731499969959259
74 50.11236548423767 0.7324999570846558
75 49.8461571931839 0.7328999638557434
76 50.489863097667694 0.7300999760627747
77 50.67159557342529 0.7312999963760376
78 49.83511608839035 0.731499969959259
79 49.497305393218994 0.7306999564170837
80 52.06810313463211 0.7330999970436096
81 49.878944754600525 0.7319999933242798
82 49.583487033843994 0.7342999577522278
83 48.776302486658096 0.7335999608039856
84 49.67219913005829 0.7342000007629395
85 49.99717652797699 0.7310000061988831
86 49.83874785900116 0.7319999933242798
87 49.44456070661545 0.7319999933242798
88 48.808934569358826 0.7333999872207642
89 49.47376012802124 0.7321000099182129
90 49.607600688934326 0.7325999736785889
91 49.23079526424408 0.7346999645233154
92 47.87621751613915 0.7324000000953674
93 49.48694717884064 0.7360999584197998
94 48.72243916988373 0.7329999804496765
95 49.70991522073746 0.7312999963760376
96 51.35186010599136 0.7336999773979187
97 48.61593019962311 0.7342000007629395
98 49.1546887755394 0.7335000038146973
99 49.47293758392334 0.7330999970436096
100 48.23763865232468 0.7342999577522278
101 49.19098997116089 0.7355999946594238
102 49.08408898115158 0.7348999977111816
103 48.55132794380188 0.7346999645233154
104 48.758529245853424 0.7347999811172485
105 48.12245976924896 0.7347999811172485
106 48.515391647815704 0.7340999841690063
107 50.0401953458786 0.7339000105857849
108 49.38598483800888 0.7342000007629395
109 48.510452568531036 0.7340999841690063
110 48.708858132362366 0.7339000105857849
111 49.37933224439621 0.7328999638557434
112 48.77667284011841 0.7339000105857849
113 49.86736023426056 0.7328000068664551
114 48.14724099636078 0.7328999638557434
115 47.85644252598286 0.7339000105857849
116 49.15293085575104 0.7330999970436096
117 48.82291978597641 0.7342000007629395
118 49.72297918796539 0.7330999970436096
119 48.60913819074631 0.7337999939918518
120 48.17690461874008 0.7335999608039856
121 48.79913306236267 0.7342999577522278
122 49.21783149242401 0.734499990940094
123 48.337980568408966 0.7346000075340271
124 49.0202779173851 0.73499995470047
125 48.463383197784424 0.7342999577522278
126 47.92588168382645 0.7346999645233154
127 48.07432276010513 0.7339000105857849
128 48.00472629070282 0.7351999878883362
129 48.18902766704559 0.7347999811172485
130 48.066338896751404 0.7336999773979187
131 48.43623244762421 0.7350999712944031
132 48.032745599746704 0.7335000038146973
133 48.61433804035187 0.7342000007629395
134 48.4205282330513 0.7342000007629395
135 48.52408558130264 0.7358999848365784
136 48.72361147403717 0.7337999939918518
137 49.57298290729523 0.7351999878883362
138 48.94568032026291 0.7330999970436096
139 48.52895653247833 0.7337999939918518
140 48.76076263189316 0.734499990940094
