# weight:int2 activation:int8
1 153.4809136390686 0.10099999606609344
2 123.96912050247192 0.22599999606609344
3 106.64708352088928 0.31369999051094055
4 93.23980855941772 0.3798999786376953
5 84.27943062782288 0.42409998178482056
6 79.45082640647888 0.45080000162124634
7 73.88920414447784 0.4966000020503998
8 69.52844226360321 0.508899986743927
9 66.9196549654007 0.5378000140190125
10 63.24944460391998 0.554099977016449
11 63.055816531181335 0.5496999621391296
12 61.779892444610596 0.5627999901771545
