60 73.47937500476837 0.5460999608039856
61 72.89655125141144 0.5504999756813049
62 73.13895547389984 0.5497999787330627
63 70.6281887292862 0.557699978351593
64 72.21006572246552 0.546999990940094
65 71.18544244766235 0.5569999814033508
66 70.64291524887085 0.5633999705314636
67 72.28628611564636 0.5561999678611755
68 71.25347590446472 0.5611000061035156
69 71.82965981960297 0.5579999685287476
70 70.02203667163849 0.5666999816894531
71 70.4962694644928 0.5651999711990356
72 70.79659736156464 0.5651000142097473
73 70.62941288948059 0.564300000667572
74 69.8239232301712 0.5625999569892883
75 70.46293354034424 0.5644999742507935
76 69.39611756801605 0.5679999589920044
77 70.1147893667221 0.5655999779701233
78 70.3143390417099 0.5654000043869019
79 70.75299823284149 0.5672999620437622
80 68.68831872940063 0.5788999795913696
81 67.99651753902435 0.5722999572753906
82 69.23024570941925 0.5694000124931335
83 69.2702419757843 0.5733999609947205
84 68.58969616889954 0.57669997215271
85 68.94299614429474 0.5759999752044678
86 68.27490961551666 0.580299973487854
87 69.63327693939209 0.5788999795913696
88 68.24613440036774 0.5803999900817871
89 68.88274240493774 0.5759999752044678
90 67.89187681674957 0.578000009059906
91 68.7878268957138 0.5760999917984009
92 67.94307029247284 0.5780999660491943
93 68.15686237812042 0.5788999795913696
94 69.22186315059662 0.5751999616622925
95 68.91525053977966 0.576200008392334
96 67.06034523248672 0.5777999758720398
97 69.36744260787964 0.5703999996185303
98 68.54341781139374 0.5735999941825867
99 69.72590899467468 0.5748000144958496
100 68.87035346031189 0.5817999839782715
101 67.81695473194122 0.5769000053405762
102 68.10467517375946 0.5803999900817871
103 67.83912515640259 0.5845000147819519
104 67.68167996406555 0.5782999992370605
105 67.0732980966568 0.580299973487854
106 68.07836091518402 0.5812999606132507
107 68.27510392665863 0.5756999850273132
108 68.1370906829834 0.5798999667167664
109 68.08804202079773 0.5789999961853027
110 69.12481129169464 0.579800009727478
111 68.26959276199341 0.5799999833106995
112 68.59251081943512 0.5767999887466431
113 68.34385228157043 0.5783999562263489
114 67.63581311702728 0.5830000042915344
115 69.10433173179626 0.5788999795913696
116 67.58203840255737 0.5763999819755554
117 68.79755139350891 0.5764999985694885
118 68.21894824504852 0.5837000012397766
119 67.91927134990692 0.5787999629974365
120 67.50490355491638 0.5884000062942505
121 67.06454455852509 0.5776999592781067
122 67.56891167163849 0.5848000049591064
123 67.80256402492523 0.5795999765396118
124 67.51322758197784 0.5845000147819519
125 68.00786292552948 0.5848999619483948
126 67.26836216449738 0.5812999606132507
127 69.19626235961914 0.5810999870300293
128 68.34672975540161 0.5789999961853027
129 68.59605038166046 0.580299973487854
130 67.6871908903122 0.5841999650001526
131 67.66095268726349 0.5856999754905701
132 68.3449158668518 0.5852999687194824
133 67.41807126998901 0.5845999717712402
134 68.69462645053864 0.5812000036239624
135 68.3147805929184 0.5809000134468079
136 67.2923868894577 0.5841999650001526
137 68.20515584945679 0.5846999883651733
138 67.71165108680725 0.5821999907493591
139 68.01833200454712 0.5812000036239624
140 67.69128155708313 0.5853999853134155
