1 297.84607124328613 0.11949999630451202
2 259.23742604255676 0.19779999554157257
3 227.51026916503906 0.2700999975204468
4 197.5858153104782 0.3497999906539917
5 187.414852976799 0.3741999864578247
6 172.29155051708221 0.41819998621940613
7 168.07758629322052 0.4350000023841858
8 168.5549100637436 0.4342999756336212
9 157.98074316978455 0.46399998664855957
10 157.80677962303162 0.4634999930858612
11 153.1105796098709 0.468999981880188
12 156.05966985225677 0.46639999747276306
13 150.5958354473114 0.4802999794483185
14 154.2041016817093 0.47689998149871826
15 149.84968829154968 0.49059998989105225
16 150.4158353805542 0.48979997634887695
17 144.3698239326477 0.5127999782562256
18 144.61457204818726 0.5047999620437622
19 141.47948014736176 0.5206999778747559
20 142.6512155532837 0.5184000134468079
21 139.2045761346817 0.5217999815940857
22 143.02623617649078 0.5133000016212463
23 137.83759188652039 0.5311999917030334
24 144.5170714855194 0.5045999884605408
25 136.6653516292572 0.5300999879837036
26 140.071426987648 0.524399995803833
27 143.8186740875244 0.5103999972343445
28 140.66184496879578 0.524899959564209
29 138.16721785068512 0.5275999903678894
30 134.67504823207855 0.5322999954223633
31 138.00628757476807 0.530299961566925
32 133.54399383068085 0.5392999649047852
