1 296.4488995075226 0.1273999959230423
2 247.10281658172607 0.2246999889612198
3 211.68122279644012 0.3105999827384949
4 180.10573637485504 0.39890000224113464
5 168.7553824186325 0.4259999990463257
6 158.823139667511 0.46549999713897705
7 148.18198537826538 0.49629998207092285
8 147.31710696220398 0.49069997668266296
9 134.22163605690002 0.531499981880188
10 136.8518830537796 0.5256999731063843
11 131.57918536663055 0.5396999716758728
12 131.70664298534393 0.5422999858856201
13 126.11206459999084 0.5521999597549438
14 128.1238499879837 0.5569999814033508
15 126.51077592372894 0.5661999583244324
16 123.2452358007431 0.5705999732017517
17 120.82187414169312 0.5813999772071838
18 118.03623592853546 0.5834000110626221
19 115.64314115047455 0.5918999910354614
20 119.79220712184906 0.5863999724388123
21 114.4338760972023 0.6013000011444092
22 118.58830881118774 0.5938999652862549
23 113.1296877861023 0.6037999987602234
24 117.47752892971039 0.5954999923706055
25 114.82925987243652 0.6074999570846558
26 115.83014488220215 0.5938999652862549
27 118.05377626419067 0.5877000093460083
28 115.79819279909134 0.6042999625205994
29 113.72052240371704 0.6082000136375427
30 110.62580680847168 0.6107000112533569
31 113.32531917095184 0.6074000000953674
32 109.6967334151268 0.6137999892234802
