60 74.13215672969818 0.5965999960899353
61 72.16034829616547 0.604699969291687
62 74.8738431930542 0.6028000116348267
63 70.74116933345795 0.6071000099182129
64 71.84377145767212 0.6093999743461609
65 69.73250494152308 0.6111999750137329
66 71.35758996009827 0.614300012588501
67 71.24181127548218 0.6128000020980835
68 72.7078720331192 0.6114000082015991
69 71.23197519779205 0.614300012588501
70 72.60716199874878 0.6134999990463257
71 71.53364932537079 0.6222999691963196
72 72.07594466209412 0.6137999892234802
73 71.69939434528351 0.6122999787330627
74 72.34017872810364 0.6177999973297119
75 70.35503470897675 0.618399977684021
76 73.00919616222382 0.6074999570846558
77 71.4067029953003 0.6212999820709229
78 71.41241836547852 0.6202999949455261
79 73.07071769237518 0.611799955368042
80 67.21029222011566 0.6446999907493591
81 67.24039256572723 0.6462000012397766
82 67.78438317775726 0.6491000056266785
83 68.5453987121582 0.6478999853134155
84 69.46302676200867 0.6462000012397766
85 67.97919350862503 0.6491999626159668
86 69.42984902858734 0.6430999636650085
87 68.51617133617401 0.6489999890327454
88 70.33641183376312 0.6462000012397766
89 68.4956967830658 0.6530999541282654
90 69.07320022583008 0.6484999656677246
91 68.78960233926773 0.6471999883651733
92 68.07845389842987 0.651699960231781
93 69.3722904920578 0.6510999798774719
94 68.10341250896454 0.6504999995231628
95 68.29208374023438 0.6559000015258789
96 67.6850968003273 0.645799994468689
97 69.11233055591583 0.651199996471405
98 69.50225722789764 0.6496999859809875
99 68.56179618835449 0.6536999940872192
100 67.49343991279602 0.6520999670028687
101 67.27946865558624 0.6560999751091003
102 66.78875482082367 0.6568999886512756
103 68.13288259506226 0.65829998254776
104 67.91652393341064 0.6574999690055847
105 66.71802139282227 0.6560999751091003
106 68.07748568058014 0.6545999646186829
107 67.3032990694046 0.6536999940872192
108 66.75764620304108 0.6572999954223633
109 65.62753587961197 0.6575999855995178
110 67.43058919906616 0.6585999727249146
111 66.46482002735138 0.6604999899864197
112 65.17389041185379 0.6588999629020691
113 66.67027521133423 0.6593999862670898
114 66.70825123786926 0.6592000126838684
115 66.33741319179535 0.6552000045776367
116 65.7574815750122 0.656499981880188
117 65.51379585266113 0.6563999652862549
118 65.6693742275238 0.65829998254776
119 65.7291967868805 0.6606999635696411
120 66.21839010715485 0.6581000089645386
121 66.93504667282104 0.6624999642372131
122 64.17750269174576 0.6574999690055847
123 64.58303794264793 0.6601999998092651
124 66.23260426521301 0.6586999893188477
125 65.3496458530426 0.6602999567985535
126 64.07770037651062 0.6631999611854553
127 64.0183590054512 0.6596999764442444
128 65.34696447849274 0.6606000065803528
129 64.65101325511932 0.6606000065803528
130 64.66486501693726 0.6599999666213989
131 63.97307509183884 0.661300003528595
132 64.90953981876373 0.6635000109672546
133 64.6557148694992 0.6608999967575073
134 64.03562569618225 0.661300003528595
135 65.2640335559845 0.6588000059127808
136 65.13586211204529 0.6593999862670898
137 64.38547122478485 0.6624999642372131
138 64.3087569475174 0.6617000102996826
139 64.34553897380829 0.6620000004768372
140 64.67432630062103 0.6610999703407288
