1 149.2078492641449 0.1127999946475029
2 123.70880341529846 0.2386999875307083
3 108.67918348312378 0.30699998140335083
4 93.39840245246887 0.38599997758865356
5 86.76423764228821 0.42289999127388
6 77.6969723701477 0.47450000047683716
7 72.34774041175842 0.5058000087738037
8 68.98098766803741 0.5259999632835388
9 64.4018189907074 0.5503000020980835
10 62.43463122844696 0.5654999613761902
11 62.61141657829285 0.5710999965667725
12 59.75927007198334 0.5867999792098999
13 56.77736139297485 0.6079999804496765
14 57.65045750141144 0.5999000072479248
15 56.93562650680542 0.6132999658584595
16 53.572773456573486 0.6229000091552734
17 53.521131098270416 0.6255999803543091
18 54.24420207738876 0.6252999901771545
19 53.30410015583038 0.6301999688148499
20 52.43719410896301 0.6430000066757202
21 53.74481511116028 0.6344999670982361
22 52.96747922897339 0.6428999900817871
23 52.88083302974701 0.637499988079071
24 51.84113359451294 0.6448000073432922
25 53.57610249519348 0.6413999795913696
26 53.72350299358368 0.642799973487854
27 52.24613106250763 0.6423999667167664
28 55.91682481765747 0.6408999562263489
29 54.30505108833313 0.6480000019073486
30 46.23533606529236 0.7026999592781067
31 51.29066467285156 0.7102000117301941
32 54.604442954063416 0.7092999815940857
33 55.9877986907959 0.7067999839782715
34 58.43953800201416 0.6984999775886536
35 56.99193733930588 0.7075999975204468
36 59.867122292518616 0.6990000009536743
37 60.301690340042114 0.6962999701499939
38 61.59196221828461 0.6902999877929688
39 62.4299430847168 0.689799964427948
40 63.97426438331604 0.69159996509552
41 61.40707606077194 0.6947999596595764
42 62.35639548301697 0.6905999779701233
43 63.66670662164688 0.6912999749183655
44 64.93471038341522 0.6869999766349792
45 66.29057741165161 0.6851999759674072
46 68.34617710113525 0.6855999827384949
47 65.57745337486267 0.6812999844551086
48 66.32291257381439 0.6829999685287476
49 64.179463326931 0.6900999546051025
50 66.21676290035248 0.6800999641418457
51 68.05040490627289 0.676800012588501
52 67.27799940109253 0.6947999596595764
53 68.03099226951599 0.6829000115394592
54 70.00596797466278 0.6809999942779541
55 71.11348390579224 0.679099977016449
56 68.3845385313034 0.6829999685287476
57 67.52636134624481 0.6847999691963196
58 67.8864176273346 0.6818000078201294
59 70.42825186252594 0.6791999936103821
60 59.05995035171509 0.7209999561309814
61 60.61019742488861 0.7269999980926514
62 63.26875460147858 0.7251999974250793
63 62.42280077934265 0.7214999794960022
64 61.61195266246796 0.7274999618530273
65 64.16385388374329 0.7222999930381775
66 62.96621263027191 0.7195000052452087
67 62.55384588241577 0.7236999869346619
68 64.3245837688446 0.718999981880188
69 63.27733588218689 0.7217999696731567
70 65.50043368339539 0.7224999666213989
71 64.3806505203247 0.722000002861023
72 64.46053969860077 0.7174999713897705
73 64.13390672206879 0.7196999788284302
74 65.8942482471466 0.714199960231781
75 65.10250902175903 0.7188000082969666
76 66.53871786594391 0.7145999670028687
77 63.85369825363159 0.7172999978065491
78 65.15322732925415 0.7166000008583069
79 67.83915781974792 0.7107999920845032
80 66.89285361766815 0.7117999792098999
81 66.7182207107544 0.7114999890327454
82 66.84495496749878 0.7084000110626221
83 66.77053463459015 0.7080999612808228
84 65.43688929080963 0.7081999778747559
85 67.88165616989136 0.7001999616622925
86 69.63127148151398 0.6943999528884888
87 67.39682030677795 0.708299994468689
88 69.13166046142578 0.7049999833106995
89 70.09845769405365 0.6954999566078186
90 63.591878056526184 0.7213999629020691
91 63.49768328666687 0.7215999960899353
92 61.50682544708252 0.7238999605178833
93 62.39833027124405 0.7232999801635742
94 62.67312729358673 0.7253999710083008
95 62.50890064239502 0.727899968624115
96 61.719386875629425 0.7292999625205994
97 61.17356484383345 0.7269999980926514
98 62.300840616226196 0.7277999520301819
99 61.80447447299957 0.7263000011444092
100 61.74279063940048 0.7274999618530273
101 62.587852001190186 0.7282999753952026
102 62.695693016052246 0.7275999784469604
103 63.22408902645111 0.7260000109672546
104 61.897101402282715 0.7285000085830688
105 60.36793798208237 0.7300999760627747
106 60.970479011535645 0.7274999618530273
107 61.24790918827057 0.7310000061988831
108 61.827430725097656 0.7249000072479248
109 62.209885478019714 0.7242000102996826
110 61.48010194301605 0.7285999655723572
111 60.9167063832283 0.7275999784469604
112 61.39195418357849 0.7269999980926514
113 61.189775705337524 0.7253999710083008
114 59.78330075740814 0.7282999753952026
115 59.68686234951019 0.7299000024795532
116 59.09920173883438 0.7279999852180481
117 59.53503167629242 0.7283999919891357
118 59.645328998565674 0.7254999876022339
119 58.96195727586746 0.7287999987602234
120 57.9071586728096 0.7312999963760376
121 58.2599475979805 0.7301999926567078
122 58.18127989768982 0.7283999919891357
123 58.436954617500305 0.7285999655723572
124 57.957553923130035 0.7285999655723572
125 57.971769750118256 0.7312999963760376
126 58.03777003288269 0.7297999858856201
127 58.502163887023926 0.7319999933242798
128 57.78827404975891 0.7321999669075012
129 58.5199271440506 0.7299000024795532
130 57.16981613636017 0.7333999872207642
131 58.23217570781708 0.7321999669075012
132 56.51063629984856 0.729699969291687
133 58.816126108169556 0.7317999601364136
134 57.20909947156906 0.7328000068664551
135 56.10657984018326 0.733199954032898
136 56.62047165632248 0.7319999933242798
137 57.34720528125763 0.7321000099182129
138 56.97132247686386 0.7324999570846558
139 57.29790413379669 0.7304999828338623
140 57.32536971569061 0.7335000038146973
141 56.467777252197266 0.7328999638557434
142 56.111715853214264 0.7333999872207642
143 56.44381642341614 0.7348999977111816
144 56.556363582611084 0.734499990940094
145 57.457741379737854 0.7299999594688416
146 56.74165189266205 0.733199954032898
147 56.75932514667511 0.7322999835014343
148 56.43687450885773 0.7339999675750732
149 56.34315860271454 0.7317999601364136
150 56.747032046318054 0.7333999872207642
151 56.51623463630676 0.7335000038146973
152 56.42947959899902 0.7339000105857849
153 55.52852988243103 0.732699990272522
154 56.22037363052368 0.7328999638557434
155 55.85949605703354 0.7333999872207642
156 57.234602987766266 0.7342000007629395
157 57.06929636001587 0.7346999645233154
158 55.63903272151947 0.7335000038146973
159 56.454060077667236 0.7324999570846558
160 55.957727670669556 0.732699990272522
161 55.882378816604614 0.7335000038146973
162 56.501259446144104 0.7330999970436096
163 55.35575670003891 0.7322999835014343
164 57.011754751205444 0.7324999570846558
165 55.64404213428497 0.733199954032898
166 55.549535632133484 0.7328999638557434
167 54.96604561805725 0.7339999675750732
168 55.907267451286316 0.7347999811172485
169 57.29760253429413 0.7339999675750732
170 54.99174588918686 0.73499995470047
171 55.33291018009186 0.7335000038146973
172 54.78170919418335 0.7364000082015991
173 57.28654497861862 0.7357999682426453
174 56.600659012794495 0.7360999584197998
175 55.72331416606903 0.736299991607666
176 56.63878810405731 0.7354999780654907
177 54.909868597984314 0.7353999614715576
178 54.500817865133286 0.734499990940094
179 54.47869274020195 0.7347999811172485
180 55.72671204805374 0.7335999608039856
181 55.06816029548645 0.7340999841690063
182 54.826243817806244 0.7329999804496765
183 55.836943566799164 0.7335999608039856
184 55.54438889026642 0.7313999533653259
185 56.27483057975769 0.733199954032898
186 55.48456418514252 0.732699990272522
187 56.276886343955994 0.7317999601364136
188 54.742659747600555 0.7310000061988831
189 55.491153955459595 0.7317000031471252
190 55.847938776016235 0.7307999730110168
191 55.22915357351303 0.7310999631881714
192 54.587328374385834 0.7318999767303467
193 54.77261930704117 0.73089998960495
194 55.45874261856079 0.7322999835014343
195 54.437783896923065 0.7312999963760376
196 55.408931374549866 0.7324999570846558
197 54.042885422706604 0.7317999601364136
198 54.465398609638214 0.7321999669075012
199 54.90924561023712 0.7322999835014343
200 55.2664869427681 0.7317999601364136
